/* Task #5: Return Largest Numbers in Arrays

Return an array consisting of the largest number from each provided sub-array. 
For simplicity, the provided array will contain exactly 4 sub-arrays.
Remember, you can iterate through an array with a simple for loop, and access each member with array syntax arr[i]. 

function largestOfFour(arr) {
  return arr;
} */


function largestOfFour(arr) {
  arr = arr.map(function (subArr) {
    return subArr.reduce(function (previousValue, currentItem) {
      if (previousValue > currentItem) {
        return previousValue;
      } else {
        return currentItem;
      }
    });
  });
  return arr;
}


console.log(Array.isArray(largestOfFour([[4, 5, 1, 3], [13, 27, 18, 26], [32, 35, 37, 39], [1000, 1001, 857, 1]]))); // largestOfFour([[4, 5, 1, 3], [13, 27, 18, 26], [32, 35, 37, 39], [1000, 1001, 857, 1]]) should return an array
console.log(largestOfFour([[13, 27, 18, 26], [4, 5, 1, 3], [32, 35, 37, 39], [1000, 1001, 857, 1]])); // largestOfFour([[13, 27, 18, 26], [4, 5, 1, 3], [32, 35, 37, 39], [1000, 1001, 857, 1]]) should return [27, 5, 39, 1001]
console.log(largestOfFour([[4, 9, 1, 3], [13, 35, 18, 26], [32, 35, 97, 39], [1000000, 1001, 857, 1]])); // largestOfFour([[4, 9, 1, 3], [13, 35, 18, 26], [32, 35, 97, 39], [1000000, 1001, 857, 1]]) should return [9, 35, 97, 1000000]
console.log(largestOfFour([[17, 23, 25, 12], [25, 7, 34, 48], [4, -10, 18, 21], [-72, -3, -17, -10]])); // largestOfFour([[17, 23, 25, 12], [25, 7, 34, 48], [4, -10, 18, 21], [-72, -3, -17, -10]]) should return [25, 48, 21, -3]


function largestOfFourAlt(arr) {
  var i, arrSize = arr.length, maxNumbersArr = [];
  for (i = 0; i < arrSize; i += 1) {
    var j, subArrSize = arr[i].length, max = arr[i][0];
    for (j = 1; j < subArrSize; j += 1) {
      if (arr[i][j] > max) {
        max = arr[i][j];
      }
    }
    maxNumbersArr.push(max);
  }
  return maxNumbersArr;
}


console.log(Array.isArray(largestOfFourAlt([[4, 5, 1, 3], [13, 27, 18, 26], [32, 35, 37, 39], [1000, 1001, 857, 1]]))); // largestOfFour([[4, 5, 1, 3], [13, 27, 18, 26], [32, 35, 37, 39], [1000, 1001, 857, 1]]) should return an array
console.log(largestOfFourAlt([[13, 27, 18, 26], [4, 5, 1, 3], [32, 35, 37, 39], [1000, 1001, 857, 1]])); // largestOfFour([[13, 27, 18, 26], [4, 5, 1, 3], [32, 35, 37, 39], [1000, 1001, 857, 1]]) should return [27, 5, 39, 1001]
console.log(largestOfFourAlt([[4, 9, 1, 3], [13, 35, 18, 26], [32, 35, 97, 39], [1000000, 1001, 857, 1]])); // largestOfFour([[4, 9, 1, 3], [13, 35, 18, 26], [32, 35, 97, 39], [1000000, 1001, 857, 1]]) should return [9, 35, 97, 1000000]
console.log(largestOfFourAlt([[17, 23, 25, 12], [25, 7, 34, 48], [4, -10, 18, 21], [-72, -3, -17, -10]])); // largestOfFour([[17, 23, 25, 12], [25, 7, 34, 48], [4, -10, 18, 21], [-72, -3, -17, -10]]) should return [25, 48, 21, -3]